% -------------------------------------------------------------------
%  Generated by MATLAB on 6-Nov-2016 21:21:11
%  MATLAB version: 9.0.0.341360 (R2016a)
% -------------------------------------------------------------------
                              

a = [0.5376671395461 1.8338850145950865 -2.2588468610036481 0.86217332036812055 ...
     0.31876523985898081 -1.3076882963052734 -0.43359202230568356 0.34262446653864992 ...
     3.5783969397257605 2.7694370298848772];

ans = [1 51];

i = 10;

m = [-5 -4 -3 -2 -1 0 1 2 3 4 5 6 7 8 9 10 11 12 13 14 15];

n = [0 1 2 3 4 5 6 7 8 9 10 11 12 13 14 15 16 17 18 19 20 21 22 23 24 25 ...
     26 27 28 29 30 31 32 33 34 35 36 37 38 39 40 41 42 43 44 45 46 47 ...
     48 49 50];

t = [1 0 1 2 3 4 5 6 7 8 9 10 11 12 13 14 15 16 17 18 19];

v = [0 0 0 0 0 1 0 0 0 0 0 1 0 0 0 0 0 1 0 0 0];

x1 = [-0.36124166618715331 -0.52643216287735606 -0.6736956436465571 -0.7980172272802396 ...
      -0.89516329135506256 -0.961825643172819 -0.99573417629503458 -0.99573417629503447 ...
      -0.961825643172819 -0.89516329135506234 -0.79801722728023949 -0.67369564364655721 ...
      -0.52643216287735572 -0.36124166618715292 -0.18374951781657034 0 ...
      0.18374951781657034 0.36124166618715292 0.52643216287735572 0.67369564364655721 ...
      0.79801722728023949 0.89516329135506234 0.961825643172819 0.99573417629503447 ...
      0.99573417629503458 0.961825643172819 0.89516329135506256 0.7980172272802396 ...
      0.6736956436465571 0.52643216287735606 0.36124166618715331 0.18374951781657037 ...
      1.2246467991473532E-16 -0.18374951781657012 -0.3612416661871527 -0.52643216287735584 ...
      -0.67369564364655721 -0.79801722728023894 -0.895163291355062 -0.961825643172819 ...
      -0.99573417629503458];

x2 = [1 0.793006898593824 0.257719882434791 -0.38425960924266694 -0.867160924395595 ...
      -0.99106958123074174 -0.70468910540934582 -0.12657706267630159 0.50393613759724576 ...
      0.92582672980698644 0.96443782968175551 0.60378497459798941 -0.0068265294347518409 ...
      -0.614611944468414 -0.9679564944084792 -0.92058041074082386 -0.49209673844713953 ...
      0.14010819401262103 0.71431026725019753 0.99279774531899012 0.86028065464250958 ...
      0.37161924239765043 -0.27088740889941065 -0.80125041039653211 -0.99990679699175289 ...
      -0.78461556553409662 -0.24450431543351014 0.39682834778462328 0.87387955013510454 ...
      0.98915667580978761 0.694936585279488 0.11302233661395089 -0.51568160001937513 ...
      -0.930900469200482 -0.96073938794104352 -0.59284545557563084 0.020478315798097113 ...
      0.62532434697457862 0.97129472622094071 0.91516248994743254 0.48016560950428955 ...
      -0.15361320833861286 -0.72379827735959268 -0.99434084593434924 -0.853240023399527 ...
      -0.35890960349000933 0.28400444032122235 0.80934456430202606 0.99962720534061322 ...
      0.776077975412321 0.23124317135678063];

