% -------------------------------------------------------------------
%  Generated by MATLAB on 6-Nov-2016 21:18:48
%  MATLAB version: 9.0.0.341360 (R2016a)
% -------------------------------------------------------------------
                              

a = [0.5376671395461 1.8338850145950865 -2.2588468610036481 0.86217332036812055 ...
     0.31876523985898081 -1.3076882963052734 -0.43359202230568356 0.34262446653864992 ...
     3.5783969397257605 2.7694370298848772];

i = 10;

