% -------------------------------------------------------------------
%  Generated by MATLAB on 6-Nov-2016 21:07:35
%  MATLAB version: 9.0.0.341360 (R2016a)
% -------------------------------------------------------------------
                                 

a = [0 0.1 0.2 0.30000000000000004 0.4 0.5 0.60000000000000009 0.70000000000000007 ...
     0.8 0.9 1 1.1 1.2 1.2999999999999998 1.4 1.5 1.6 1.7 1.8 1.9 2];

ans = [0; 0.1; 0.2; 0.30000000000000004; 0.4; 0.5; 0.60000000000000009; ...
       0.70000000000000007; 0.8; 0.9; 1; 1.1; 1.2; 1.2999999999999998; ...
       1.4; 1.5; 1.6; 1.7; 1.8; 1.9; 2];

b = [1; 1; 1; 1; 1; 1; 1; 1; 1; 1; 1; 1; 1; 1; 1; 1; 1; 1; 1; 1; 1];

i = 10;

z = [0.8883956317576418 - 1.1470701069691505i -1.0688704581680317 - 0.80949869442487554i ...
     -2.9442841619948963 + 1.4383802928150984i 0.32519053945619786 - 0.75492831916970338i ...
     1.3702985400952279 - 1.711516418853698i -0.10224244608549089 - 0.24144704160735794i ...
     0.3192067391655018 + 0.31285859663742843i -0.86487991732445646 - 0.030051296196268559i ...
     -0.1648790192090383 + 0.62770728752872651i 1.093265669039484 + 1.1092732976143975i ...
     ];

